results for wired varying node\n
9.62512e+06 ,0.0359485 ,0.957292 ,0.0427083
5.9551e+06 ,0.0369297 ,0.952869 ,0.0471306
5.94318e+06 ,0.037124 ,0.952157 ,0.0478429
5.94318e+06 ,0.037124 ,0.952157 ,0.0478429
5.94318e+06 ,0.037124 ,0.952157 ,0.0478429
results for wired varying flow\n
5.877e+06 ,0.0329242 ,0.969303 ,0.0306966
5.9551e+06 ,0.0369297 ,0.952869 ,0.0471306
1.02564e+07 ,0.0318459 ,0.945203 ,0.0547967
1.09293e+07 ,0.0344052 ,0.946746 ,0.0532536
1.04986e+07 ,0.0346852 ,0.941041 ,0.0589594
results for wired varying packet no \n
5.94137e+06 ,0.0369702 ,0.95517 ,0.0448305
5.9551e+06 ,0.0369297 ,0.952869 ,0.0471306
5.9551e+06 ,0.0369297 ,0.952869 ,0.0471306
5.9551e+06 ,0.0369297 ,0.952869 ,0.0471306
5.9551e+06 ,0.0369297 ,0.952869 ,0.0471306
